Pin (W)	mDot (kg/s)	uExhaust (m/s)	Eta		     Pin (W)	 mDot (kg/s)  uExhaust (m/s)	Eta
20000	5.00E-05	21300	       0.5672	\	 20000	     3.98523E-05	25000	       0.622682618
17500	5.00E-05	19508.166	   0.5422	\	 17500	     3.44042E-05	25000	       0.614351612
15000	5.00E-05	17395.82775	   0.5036	\	 17500	     4.05138E-05	22500	       0.594700000	 
12500	5.00E-05	15489.99	   0.4757	\	 15000	     3.57655E-05	22500	       0.594700000
12500	4.00E-05	18504.603	   0.5421	\	 12500	     3.04721E-05	22500	       0.594700000
10000	4.00E-05	15621.444	   0.4874	\	 10000	     2.33431E-05	22500	       0.594700000
15000	3.00E-05	24798.699	   0.6148	\	 7500	     1.73603E-05	22500	       0.594700000
12500	3.00E-05	22151.961	   0.5887	\	 7500	     2.19627E-05	20000	       0.571700000
10000	3.00E-05	19780.884	   0.5497	\	 5000	     1.36986E-05	20000	       0.571700000
7500	3.00E-05	16322.859	   0.5328	\	 5000	     1.77357E-05	17500	       0.555300000				
7500	2.00E-05	21047.355	   0.5905	\	 0              0           0               0				
5000	2.00E-05	16406.244	   0.5382				
   0        0       0               0       
                                            
                                            
                                            
