Pin (W)	  mDot (kg/s)	uExhaust (m/s)	Eta		\   Pin (W)	mDot (kg/s)	uExhaust (m/s)	Eta
6863.52   5.76E-6	      41103.9	    0.71	\	6538	0.00000576	 40000	        0.71
6052.98	  5.76E-6	      38357.1	    0.70	\	5870	0.00000512	 40000	        0.70
5462.1	  5.76E-6	      36198.9	    0.69	\	5129	0.00000446	 40000	        0.70
4705	  5.76E-6         33304.95	    0.68	\	4572	0.00000392	 40000	        0.69
4824.96	  5.12E-6	      35904.6	    0.68	\	3631	0.00000316	 40000	        0.70
4159.22   5.12E-6	      32961.6	    0.67	\	3100	0.0000026	 40000	        0.68
4214.15	  4.46E-6	      35904.6	    0.68	\	3244	0.00000316	 37500	        0.69
3641.67	  4.46E-6	      32961.6	    0.67	\	2772	0.0000026	 37500	        0.66
3222.03	  4.46E-6	      30656.25	    0.65	\	2254	0.00000205	 37500	        0.64
3681.6	  3.92E-6	      35463.15	    0.67	\	2468	0.0000026	 35000	        0.65
3180.58	  3.92E-6	      32618.25	    0.66	\	2000	0.00000205	 35000	        0.62
2820.37	  3.92E-6	      30312.9	    0.64	\	2183	0.0000026	 32500	        0.63
3209.6	  3.16E-6	      37278	        0.69	\	1771	0.00000205	 32500	        0.61
2780.65	  3.16E-6	      34236.9	    0.66	\	0	    0	         0	            0	
2471.63	  3.16E-6	      31882.5	    0.65		
2610.16	  2.60E-6	      36198.9	    0.65		
2267.81	  2.60E-6	      33304.95	    0.64		
2019.6	  2.60E-6	      30950.55	    0.62		
2161.61	  2.05E-6	      36640.35	    0.63		
1958.8	  2.05E-6	      34580.25	    0.62		
1706.83	  2.05E-6	      31784.4	    0.61		
1521	  2.05E-6	      29577.15	    0.59    	
1421.2	  2.05E-6	      28301.85	    0.58	
1322.02	  2.05E-6	      26928.45	    0.56		
1120.23	  2.05E-6	      24034.5	    0.53		
1087.83	  2.05E-6	      23544	        0.52				
786.76	  2.05E-6	      18246.6	    0.43					
668.36	  2.05E-6	      15597.9	    0.37					
0	      0	              0	            0.00					